0 0.997758680177372 0.986473068602358
1 0.994511796518809 0.972993280377195
2 0.990130788372990 0.957554071257488
3 0.984523231526164 0.935837873331392
4 0.977856694159286 0.915968646465206
5 0.969600134815200 0.905333310557878
6 0.959969696000443 0.879671918925296
7 0.948748775758730 0.857380392683375
8 0.935359654298369 0.807780914770964
9 0.919149743052236 0.745955148122851
10 0.899872000367723 0.697591435444571
11 0.878451219530293 0.670194563734829
12 0.855168868784483 0.675126817940469
13 0.830126030489231 0.630837481354354
14 0.801703233948686 0.577698136187648
15 0.770090240050800 0.512307355692373
16 0.737412155064646 0.474674277787402
17 0.703518209401594 0.447270515534132
18 0.666012143037614 0.411459640724052
19 0.628194812028192 0.402519599996815
20 0.590118837375507 0.351475627384259
21 0.550806659372156 0.316991651671483
22 0.515329007387305 0.298611862402116
23 0.475881435481660 0.265729522263256
24 0.437008801150658 0.246645702972322
25 0.396974398391987 0.226006338832336
26 0.356658106281665 0.194853595990593
27 0.320495306938501 0.158844552662171
28 0.288071409358785 0.149617949692549
29 0.257750627628130 0.143243768495922
30 0.232103584891718 0.137966679604893
31 0.208082889833602 0.111242656700434
32 0.185666027519533 0.093369351324760
33 0.166196227908009 0.074534251444033
34 0.147779301344434 0.073300288813272
35 0.131255168189457 0.070039551053959
36 0.115717896388215 0.061493745240258
37 0.101665656277743 0.055121365467000
38 0.088829575753393 0.043858144206185
39 0.077938485777793 0.036392335187701
40 0.068353742029655 0.029513197739267
41 0.059504776308500 0.026306031345634
42 0.051714538188621 0.023089180523652
43 0.044777329200018 0.020816868051480
44 0.038552247825526 0.017480094897042
45 0.033093754295707 0.015751037813800
46 0.028276465701385 0.012274722139493
47 0.024076413715875 0.010469188897446
48 0.020565089428356 0.008838170729149
49 0.017530548859764 0.007267683237019
50 0.014942305422880 0.005988705972872
51 0.012587354813046 0.004796518431293
52 0.010583202200403 0.004267585494212
53 0.008982949261080 0.003752126320790
54 0.007590988749933 0.002942700010680
55 0.006467280004108 0.002592622521066
56 0.005554217559602 0.001994316569464
57 0.004742171205530 0.001808217703264
58 0.004078162349829 0.001590393226195
59 0.003542822743228 0.001409061655411
60 0.003070970717176 0.001235614655773
61 0.002659012768897 0.001203098522368
62 0.002308825385785 0.001050844401723
63 0.001986992211164 0.000966885744647
64 0.001696614976541 0.000856361105543
65 0.001453154420312 0.000647606980171
66 0.001238876144110 0.000520241428641
67 0.001064515451412 0.000450779827188
68 0.000925364376577 0.000415626863322
69 0.000798552529851 0.000352544227712
70 0.000689955603518 0.000320206757771
71 0.000597138484476 0.000289273168139
72 0.000518952265061 0.000247122586373
73 0.000452452080217 0.000193807942539
74 0.000392277666920 0.000167871096531
75 0.000338671526716 0.000156822636201
76 0.000292647520617 0.000125459786587
77 0.000251595390972 0.000101024744717
78 0.000217655907374 0.000083553210039
79 0.000186747514492 0.000069153650792
80 0.000161082795872 0.000066955590901
81 0.000136975872815 0.000058067543690
82 0.000117355777021 0.000054555554785
83 0.000099661907950 0.000044384169766
84 0.000085691744238 0.000038850407158
85 0.000073297466929 0.000033897097287
86 0.000063145435259 0.000030674057362
87 0.000054063047041 0.000025290433621
88 0.000046624167784 0.000021025400672
89 0.000040204656303 0.000017035024360
90 0.000034658449608 0.000014833130635
91 0.000029878495090 0.000013001849693
92 0.000025833440761 0.000012502179940
93 0.000022105714621 0.000010929825570
94 0.000018872237202 0.000010062237751
95 0.000016255436498 0.000008197102275
96 0.000014094001143 0.000006824019304
97 0.000012229736691 0.000005855848412
98 0.000010610593006 0.000004820216345
99 0.000009195134063 0.000004586205407
100 0.000007980679489 0.000004080884110
101 0.000006920918681 0.000003519808992
102 0.000005998832207 0.000003196404537
103 0.000005232012184 0.000002411915347
104 0.000004548403767 0.000002305071476
105 0.000003964573159 0.000002138424389
106 0.000003465098668 0.000001692537597
107 0.000003025182854 0.000001563270300
108 0.000002632295061 0.000001349736951
109 0.000002303148285 0.000001214958423
110 0.000002014998957 0.000001021502503
111 0.000001748848252 0.000000780246711
112 0.000001522461663 0.000000692974127
113 0.000001332631167 0.000000585190772
114 0.000001175601087 0.000000496803133
115 0.000001040832980 0.000000446989012
116 0.000000916854209 0.000000442197394
117 0.000000806459745 0.000000360438230
118 0.000000708920028 0.000000332178547
119 0.000000624167614 0.000000293749878
120 0.000000546402436 0.000000255607155
121 0.000000481235409 0.000000221202021
122 0.000000420791619 0.000000178738985
123 0.000000370768648 0.000000158139795
124 0.000000325057614 0.000000146987653
125 0.000000284533925 0.000000121059246
126 0.000000248997656 0.000000116101996
127 0.000000218193670 0.000000106583747
128 0.000000189901104 0.000000089774439
129 0.000000166912601 0.000000078644075
130 0.000000146260392 0.000000066971194
131 0.000000128554272 0.000000061002402
132 0.000000112975151 0.000000055996992
133 0.000000098998975 0.000000048511910
134 0.000000086546700 0.000000041802439
135 0.000000076116225 0.000000038388558
136 0.000000066629424 0.000000031217123
137 0.000000058354697 0.000000027991404
138 0.000000050949470 0.000000023768190
139 0.000000044795209 0.000000020103951
140 0.000000039295645 0.000000018990234
141 0.000000034651219 0.000000017273196
142 0.000000030593110 0.000000015303874
143 0.000000027193559 0.000000013486116
144 0.000000024070791 0.000000011172002
145 0.000000021392063 0.000000009978041
146 0.000000019011474 0.000000008664240
147 0.000000016878606 0.000000007489459
148 0.000000014917144 0.000000006905599
149 0.000000013213780 0.000000006271540
150 0.000000011683948 0.000000005605518
151 0.000000010320852 0.000000005138581
152 0.000000009140524 0.000000004459931
153 0.000000008117578 0.000000004015736
154 0.000000007254366 0.000000003515150
155 0.000000006475395 0.000000003149741
156 0.000000005773477 0.000000002835185
157 0.000000005141134 0.000000002694215
158 0.000000004570043 0.000000002349544
159 0.000000004059223 0.000000002153331
160 0.000000003603523 0.000000001986833
161 0.000000003207244 0.000000001762247
162 0.000000002872061 0.000000001566240
163 0.000000002574939 0.000000001438370
164 0.000000002314169 0.000000001262914
165 0.000000002072476 0.000000001169842
166 0.000000001854936 0.000000000986953
167 0.000000001656787 0.000000000896330
168 0.000000001483458 0.000000000835264
169 0.000000001323735 0.000000000698188
170 0.000000001185194 0.000000000652457
171 0.000000001058586 0.000000000588060
172 0.000000000952482 0.000000000509435
173 0.000000000857267 0.000000000473359
174 0.000000000772327 0.000000000409960
175 0.000000000691432 0.000000000376148
176 0.000000000622141 0.000000000329655
177 0.000000000557911 0.000000000280260
178 0.000000000501711 0.000000000262499
179 0.000000000449998 0.000000000231799
180 0.000000000404264 0.000000000208860
181 0.000000000362040 0.000000000190103
182 0.000000000325465 0.000000000172398
183 0.000000000291518 0.000000000156698
184 0.000000000261943 0.000000000137330
185 0.000000000234290 0.000000000125290
186 0.000000000211414 0.000000000111484
187 0.000000000190389 0.000000000100018
188 0.000000000171498 0.000000000092741
189 0.000000000154271 0.000000000081085
190 0.000000000138466 0.000000000077236
191 0.000000000123767 0.000000000066544
192 0.000000000110977 0.000000000060008
193 0.000000000099329 0.000000000055107
194 0.000000000089317 0.000000000047599
195 0.000000000080095 0.000000000043741
196 0.000000000072081 0.000000000039420
197 0.000000000064865 0.000000000034683
198 0.000000000058204 0.000000000032752
199 0.000000000052102 0.000000000027501
200 0.000000000046668 0.000000000025492
201 0.000000000041801 0.000000000022630
202 0.000000000037489 0.000000000019699
203 0.000000000033620 0.000000000017975
204 0.000000000030237 0.000000000015986
205 0.000000000027168 0.000000000014475
206 0.000000000024398 0.000000000013036
207 0.000000000021879 0.000000000011231
208 0.000000000019562 0.000000000010377
209 0.000000000017527 0.000000000009038
210 0.000000000015682 0.000000000008013
211 0.000000000014060 0.000000000007295
212 0.000000000012612 0.000000000006559
213 0.000000000011322 0.000000000005951
214 0.000000000010156 0.000000000005330
215 0.000000000009109 0.000000000004825
216 0.000000000008159 0.000000000004380
217 0.000000000007329 0.000000000003778
218 0.000000000006559 0.000000000003472
219 0.000000000005895 0.000000000003109
220 0.000000000005291 0.000000000002794
221 0.000000000004756 0.000000000002549
222 0.000000000004268 0.000000000002268
223 0.000000000003829 0.000000000002103
224 0.000000000003431 0.000000000001846
225 0.000000000003081 0.000000000001641
226 0.000000000002760 0.000000000001526
227 0.000000000002487 0.000000000001320
228 0.000000000002234 0.000000000001217
229 0.000000000002013 0.000000000001101
230 0.000000000001810 0.000000000000977
231 0.000000000001629 0.000000000000909
232 0.000000000001464 0.000000000000777
233 0.000000000001316 0.000000000000718
234 0.000000000001182 0.000000000000643
235 0.000000000001064 0.000000000000562
